0 + 2.624281362339669929906546055147858593703 1.677876391e-2639
1 + 4.698984027048949037985218226921412547982 1.851102592e-2639
2 + 4.399692612151895631456377471218381032686 1.376712146e-2639
3 + 1.282565282845577349345013713479954438196 6.241305631e-2640
4 + 3.579359698100251587368935118437000082787 1.947158174e-2639
5 + 5.440704440851138619496471475389237675924 1.229074807e-2639
6 + 0.9048841673385306198034724501830931929138 1.985156925e-2639
7 + 3.468099747844316185021443206711942119268 8.367826203e-2639
8 + 0.08313258019195152370504141418246793906622 6.739700328e-2639
9 + 5.208452350001887393480553566461990428187 2.312038902e-2637
10 + 3.476588963168276342591601271090241463633 3.068999064e-2637
11 + 0.2464900946640463649573555812120525370915 6.081193381e-2637
12 + 2.602742021641736642712722736215802968716 1.712949387e-2635
13 + 4.150399568855467050968538206395842080409 4.307631752e-2636
14 + 0.3089517459742938309213655697765283346787 2.375426796e-2635
15 + 0.01713556640258803043636595160016241078772 2.783976578e-2634
16 + 3.645686716846562280781724213403138584731 4.724329127e-2632
17 + 2.431603115420326071123466526682958909225 1.228875075e-2631
18 + 1.365394237650987805032553021858132696507 4.007667484e-2631
19 + 2.728713688866927163627428526035941365690 7.645491582e-2631
20 + 0.01232851199481717418011123577537454565667 1.882910768e-2631
21 + 0.2828513590148021331071676446578872034377 1.551219248e-2628
22 + 4.050952404399585590471268828411353931700 1.018243891e-2627
23 + 0.4274469015742203204538263615322478487256 2.736308562e-2627
24 + 0.4437169946921456512416590844602056039172 4.953230758e-2626
25 + 0.1437145429513079918424592696988672880715 4.793335482e-2625
26 + 1.058888608707714400789229715477308319665 3.134362500e-2623
27 + 0.09639374729931810830887543608006795047466 1.575547418e-2622
28 + 0.009625706405667615522029878985333713736436 1.382498135e-2621
29 + 0.01244133269105082654615288011598410433038 4.124457081e-2619
30 + 5.065941654082549773956675634192961000849 2.094417965e-2617
31 + 0.04598924731036504161280587451388380910104 4.442378942e-2617
32 + 1.328875549369630708382776719033157531695 9.257079314e-2615
33 + 0.02897509447622383707094649447416166754477 2.591969400e-2614
34 + 0.002850670481451630884662242638207607219913 2.582762684e-2613
35 + 0.4039547646663661183101085899286989791073 4.974888121e-2610
36 + 0.1206162234225977308190646723294543826576 8.066823813e-2609
37 + 0.006098329772279876359596333044790287455726 3.278698984e-2608
38 + 1.425988242538552091833949500384408871027 7.195979286e-2605
39 + 0.07805635852305958791791024852257002995193 2.131655555e-2604
40 + 0.004688668314256689764951670572293134129741 2.573762685e-2603
41 + 0.001652035457268338247090939395271775620852 1.873816241e-2601
42 + 0.01171048080891906977516432989961358652304 8.187442101e-2599
43 + 0.06409797213587040832920384130424370467766 4.501499661e-2596
44 + 0.03534996812774610916707048247633720174724 1.117241415e-2594
45 + 0.07024395560285754228168371432300207531181 2.298631379e-2592
46 + 0.008967311718623810003832367792194489297500 3.696040025e-2591
47 + 0.004254114519904322037980239170935655155443 4.190222606e-2589
48 + 0.001663922819944264726429418817492683607673 4.321137058e-2587
49 + 0.002031952903924925981376854981229905389170 6.041734576e-2585
50 + 0.01606207807508782321100897676496348337806 6.579316926e-2582
51 + 0.007507568553858387378675861074950239636172 3.813393571e-2580
52 + 0.004527592241630707885186137046693209626157 1.083091918e-2577
53 + 0.0002385450948266717177483222749128950356709 1.237297537e-2576
54 + 6.332275969461470951443070299460808897103e-5 7.463713302e-2575
55 + 0.008517881345377080328396982040416720350139 1.365628831e-2570
56 + 0.002604206155105123044800492406994999557288 7.439908508e-2569
57 + 0.008989704965423212783984656542454416134965 4.673349016e-2566
58 + 0.0006308566827716307694337537974358410321781 7.749007195e-2565
59 + 0.002787103915125324239440124811611611989795 1.170994256e-2561
60 + 6.333152777377930765385818191884239944771e-5 9.396439220e-2561
61 + 0.0002320139773274939004642832726876311426439 1.953383962e-2557
62 + 9.469668363778158517827652106188428385570e-6 6.518822594e-2556
63 + 0.0003084555657267032361737005016334509478627 1.271285079e-2552
64 + 0.1245925425722230290523943811985563926138 5.865052010e-2548
65 + 6.695169149822365083301380113755941566814e-5 1.542387296e-2548
66 + 2.333198489684888010603414394437631680067e-5 1.949474177e-2546
67 + 1.512625464733983540159663391339081153768e-5 5.296621404e-2544
68 + 0.0001482013720307453122106153824418515436607 3.544841671e-2540
69 + 5.114419798419641230527278070915435807298e-5 6.244905144e-2538
70 + 1.437513085308804631597293198481971680119e-5 5.268150569e-2536
71 + 6.275206299965079616524961089348374363904e-5 6.526508219e-2533
72 + 0.0003231781761773256274356546014631086988682 3.723930931e-2529
73 + 2.953821345864335524845141550418379656207e-5 3.622166225e-2527
74 + 4.047232220308832171377115352179670580503e-7 9.961153236e-2527
75 + 6.151229182071723285249018958757595922549e-6 3.308071084e-2523
76 + 0.001419304911454277720827941889575921268016 5.094981621e-2518
77 + 6.107051474186207498857184553024996271864e-6 2.966785330e-2517
78 + 3.335338728891375379618047563189840147505e-6 1.258567348e-2514
79 + 2.249602514993463649881095287229264217299e-6 4.957504823e-2512
80 + 3.538547805366079493011445517374967317162e-7 1.081938225e-2509
81 + 8.691522039808207583244959673050156922404e-7 1.231252525e-2506
82 + 3.551242078671936384465539197404534290228e-6 6.841937278e-2503
83 + 2.910440868321551328502466630598782830525e-7 6.145195455e-2501
84 + 6.152232048616887878822567225995847949878e-7 3.332350010e-2497
85 + 9.784707832115044545812207246425956615372e-8 1.010679298e-2494
86 + 7.067100626773003246648716109767681357114e-9 1.213800326e-2492
87 + 2.761476431717512900636358774954837169714e-9 1.657798987e-2490
88 + 7.260189525120422025142563280354533811009e-8 3.667423875e-2486
89 + 1.858180483265530009887557193876951880447e-8 1.547879354e-2483
90 + 1.794125193213222132943151057186147020471e-5 6.138068916e-2478
91 + 1.233674530147438804384487002896746674056e-8 1.522022969e-2478
92 + 1.108481158645856387937251144996816058943e-6 2.384690792e-2473
93 + 2.723074734909429776893361265206839326471e-5 5.011391229e-2469
94 + 1.160232662260519710063225991247338536329e-9 5.176676445e-2470
95 + 3.666134486194245122248926516377917274722e-8 2.852575559e-2465
96 + 2.341183325778797930763715749624543952672e-9 4.213999070e-2463
97 + 6.422888986905228728702518369485880452175e-9 1.993927451e-2459
98 + 2.284351072325083658716158657485588424736e-9 1.372951929e-2456
99 + 4.301033909666108072915656788799908859682e-10 1.085831097e-2453
100 + 2.299484691723069165836792792559416734666e-11 6.047802510e-2452
101 + 4.393547856583842034470130471608384080037e-10 1.666776124e-2447
102 + 1.657365291175633461939907006716828925393e-9 1.265456602e-2443
103 + 4.390091902000099916103609736038578853506e-11 7.272789724e-2442
104 + 1.832618912508951511826312928261829105992e-9 7.420423876e-2437
105 + 1.102417407591977322329705689018247008208e-8 8.102373169e-2433
106 + 2.336295475172793944188034014495583285021e-11 2.336945779e-2432
107 + 9.444805644752858929903225571286333336412e-12 1.961487397e-2429
108 + 3.233126664658346851783326084233337554010e-12 1.411546314e-2426
109 + 6.166110573830046562375818477249259588320e-10 8.891078342e-2421
110 + 1.027522431011661155686567911671936121711e-10 1.203251406e-2417
111 + 1.102003221955553743333937448397395872017e-10 6.706895376e-2414
112 + 6.547259485274272607163552086595447405322e-14 2.503902606e-2413
113 + 2.260609170901923065089317735365740358927e-12 2.534634981e-2408
114 + 9.964950852572899318603952225420705719115e-14 6.175370621e-2407
115 + 9.882340553690675203965813701563527845047e-13 2.090352967e-2402
116 + 3.328960658418524624894513346806606318120e-13 4.599798330e-2399
117 + 4.641330156342081338671036119191525028785e-14 1.473725624e-2396
118 + 5.846176169376096629459720497460461059725e-9 3.271008365e-2388
119 + 4.547554917692427207493012150603632184510e-14 1.607146951e-2389
120 + 1.507698859487839707000171527084812146672e-15 2.437065684e-2387
121 + 4.175177501911110017340573225724357796083e-15 3.244876052e-2383
122 + 8.685576385061786623332932555162765451897e-15 3.006494353e-2379
123 + 9.407806853306691240730600780281569478850e-15 2.709573126e-2375
124 + 3.089397472241194572904168269916778937448e-13 6.186169861e-2370
125 + 1.831414538363970597704523805632495000810e-16 2.039883972e-2369
126 + 3.412616717694389214857070779910533868344e-16 2.114096755e-2365
127 + 5.460058948562654610713369257877102570808e-17 1.532937783e-2362
128 + 4.925154330847490031507039944231225661200e-17 6.617134276e-2359
129 + 1.601765778353701472049579686724418990089e-17 1.617245309e-2355
130 + 1.876973925462877756876813843042387529192e-16 1.386383218e-2350
131 + 2.345527437854810587988391219233298267838e-17 1.326573729e-2347
132 + 1.468240844071131245466836158321962870585e-17 5.799333236e-2344
133 + 2.106970239487901836679959249516172684111e-19 9.823570063e-2342
134 + 5.730002688343106803260680009217927215943e-20 3.531324907e-2338
135 + 4.024351294042912433176153425853599910986e-18 2.786790614e-2332
136 + 2.395662176413247437421314806894373329981e-18 1.741241446e-2328
137 + 1.360245694307402905149776211197975846331e-20 6.971833325e-2327
138 + 3.297355370434539174134696306661080343880e-19 1.194662304e-2321
139 + 2.381076838868654576156434798703482921338e-20 9.294739255e-2319
140 + 4.999215654240811891842972335129332422060e-22 2.259846523e-2316
141 + 1.436447695948889746867925354970535106341e-22 8.917806437e-2313
142 + 2.296124808872462823177241387752702408034e-21 1.846759830e-2307
143 + 1.859616337107734896045306670294510709779e-22 2.482098521e-2304
144 + 1.119155914650415506491979327347295438757e-22 2.686970707e-2300
145 + 4.647997454109772452761297285873862129175e-24 2.314926582e-2297
146 + 3.565831534202797137472627121306020553062e-25 2.101704427e-2294
147 + 9.506083183444589244319033968378165027166e-25 2.598974029e-2289
148 + 2.862992016173075298608919574494367400987e-26 1.929907551e-2286
149 + 1.966564102134307872965826661383512319459e-24 6.320259952e-2280
150 + 1.633282098064664033876196661495660002482e-27 9.522704937e-2279
151 + 5.820886499339755604035004773175610367034e-27 8.178889715e-2274
152 + 1.016648146603395372299361481158844539288e-27 1.346229108e-2270
153 + 8.252751586531516340698405571372518795583e-30 5.891723412e-2268
154 + 1.739910487845297984871552020110262030836e-31 1.491496901e-2264
155 + 8.732732446258391964427754616731078875234e-32 9.913541049e-2260
156 + 1.731264014453053395225799714120697143900e-32 2.353376357e-2255
157 + 2.608206142049750732704594426892831613542e-34 4.403120873e-2252
158 + 5.158548290902314588099408776741097215511e-36 1.128909452e-2248
159 + 4.225752212746262196952013346597096720712e-37 1.059367951e-2244
160 + 3.331621483145987321734004437587956129887e-39 1.076680700e-2241
161 + 3.956537670579530185216586519627851230841e-39 1.452465589e-2236
162 + 1.602789332145059507839036336963260085050e-41 7.534965252e-2234
163 + 1.730110421697544444521940199191468338861e-42 1.276869587e-2229
164 + 2.059148628917236740825742275359689343892e-43 2.049443136e-2225
165 + 2.084457513660419232964218817971664140595e-44 2.535923417e-2221
166 + 1.762575880532688124991594661140015849486e-47 2.736441678e-2219
167 + 7.444785084230460101768297310270267490791e-49 1.323423374e-2215
168 + 9.542029068612870080597563471796302979206e-49 1.768834183e-2210
169 + 1.435177042719352469715037050020060349558e-50 3.339017786e-2207
170 + 2.257472405679439332427929541838932863585e-48 6.377836502e-2200
171 + 9.976501905552293820284007050629199087977e-54 4.148376707e-2200
172 + 8.366151155294037462131144354187373712484e-55 5.521771707e-2196
173 + 1.785303615153625514780954884851601652015e-56 1.557960167e-2192
174 + 1.672062378022074697997069194595418420393e-58 2.011121270e-2189
175 + 1.728064143941501326887064063654713351862e-59 2.651955799e-2185
176 + 4.014747712068191224828104184424189951630e-59 7.607709579e-2180
177 + 1.499157846481502655073845932087092051574e-61 3.268129499e-2177
178 + 1.639843402497372884354005389374545472184e-62 3.832885576e-2173
179 + 4.659686994635324502319609405884322620973e-65 1.128742107e-2170
180 + 2.092792359960373415021902138480012810214e-66 4.480910720e-2167
181 + 4.665055233758702524240128167239734783533e-67 1.006167292e-2162
182 + 1.040383047782751766871576258001080995724e-67 2.752998557e-2158
183 + 8.036687097631089948091931768475657110524e-70 2.244267976e-2155
184 + 1.200993527942228823513628799573349997176e-70 3.544976163e-2151
185 + 9.093359023722246557432813348799949105332e-72 3.239569235e-2147
186 + 4.299039771047481554670333539343326062071e-74 1.888280468e-2144
187 + 1.245674649789595053035258114000144571126e-75 6.929221707e-2141
188 + 8.847030340847585140164134138737967308405e-77 6.350699299e-2137
189 + 2.697943802863879067757142077111432008557e-77 2.147228469e-2132
190 + 5.470511128003698570290741369795222334830e-78 4.643836616e-2128
191 + 2.432444293449028730219730056151607843545e-80 2.798753080e-2125
192 + 7.325673984850925750684137957197895085891e-82 9.760045502e-2122
193 + 3.908260353480577727169204042643657104076e-83 6.052433829e-2118
194 + 3.208551762859635527216842793887302782969e-84 5.335450500e-2114
195 + 2.858818863976033398593113661212355783156e-85 6.126332997e-2110
196 + 3.315225025266776379769806269648723150307e-86 8.758513046e-2106
197 + 4.826842441786708462221722523027087891503e-87 1.521808398e-2101
198 + 6.972067888907725496127133996067876579104e-88 3.161582177e-2097
199 + 1.498515673828702703131368859603405684629e-88 7.776543049e-2093
200 + 3.431738598261278541285757078279240603542e-89 2.257077105e-2088
201 + 1.095798049774172651457320279894959566415e-89 7.708354493e-2084
202 + 5.025891212402435239267015614145364207717e-90 3.114435027e-2079
203 + 2.355465671076443261941659200318854550094e-90 1.496093201e-2074
204 + 1.275966623882076720011909340569959935897e-90 8.613260903e-2070
205 + 8.477591591366930261163419167786211200526e-91 6.032626306e-2065
206 + 7.334843931776351330133615964789855993734e-91 5.273148967e-2060
207 + 7.575434529024815092443601917617975749725e-91 6.006513282e-2055
208 + 1.149995452044844329003262405710090708434e-90 9.721981664e-2050
209 + 2.879828368777243466175131015217864950945e-90 2.797585220e-2044
210 + 4.266784653318715525042048905730684674126e-89 4.660425827e-2038
211 + 1.784513715260282969033888561908014247962e-89 2.162314072e-2033
212 + 5.423781720737984092274466333416034942087e-90 6.412692331e-2029
213 + 4.887592278759936679357939583157601079750e-90 7.020790865e-2024
214 + 1.146498887094407706426009345615192977877e-89 1.918607984e-2018
215 + 1.878552757887260897948517142509985059942e-88 3.301844574e-2012
216 + 1.872822245020315885425204175338450569746e-88 3.624142284e-2007
217 + 1.291678074346290566307031302406755698450e-88 2.299993325e-2002
218 + 1.818750369329530006287132476155991791623e-87 2.832035059e-1996
219 + 6.539435078860386527457027335103853483624e-88 1.040488397e-1991
220 + 2.631768149523024255652911826437695247556e-88 4.656922396e-1987
221 + 6.271985738243814707369758318844962805942e-88 1.174381329e-1981
222 + 2.543080436692735917886626255164006408886e-86 3.986540258e-1975
223 + 2.010721583631303467021031596459143056913e-86 3.401384289e-1970
224 + 4.714845893792380978570798351556400923508e-85 7.910191703e-1964
225 + 1.771310214094688348837111164907327835405e-86 2.763276484e-1960
226 + 9.784057050889718126105772049140046812334e-87 2.100245197e-1955
227 + 6.766899052863960030902647166532009242598e-86 1.630572126e-1949
228 + 2.041431061316731873791998346959840299301e-85 5.793592561e-1944
229 + 1.172920977907685979784913950279384287565e-85 4.363469452e-1939
230 + 1.522401430677282721106277636895061561886e-81 6.726626817e-1930
231 + 9.044685513901840503522797260343649939307e-85 3.531503352e-1928
232 + 7.022782854506266593799584274150146867290e-84 1.883837080e-1922
233 + 5.112458666707778071213610632707105868514e-85 1.423273466e-1918
234 + 1.055764702507290565241909492866520668571e-84 2.966365200e-1913
235 + 9.906420937774888076422012511765668932168e-83 2.771757553e-1906
236 + 6.143178526944871044633401257839518515630e-83 2.256194480e-1901
237 + 3.101918056470878520202850344575519882684e-83 1.411315750e-1896
238 + 1.699713444006224320226739004663114520689e-83 8.366034103e-1892
239 + 2.831803552156905706661867230285189589771e-82 1.619488150e-1885
240 + 2.142216915309384313399562621368987672229e-83 1.203257299e-1881
241 + 2.509129146976862640449014827743984632984e-82 1.187912284e-1875
242 + 3.249233656776496163470933147145722885248e-82 1.271199721e-1870
243 + 2.328230383605689219361599200974919393535e-81 5.003410793e-1865
244 + 1.531929161784284476953280755053455444785e-80 2.715329549e-1859
245 + 7.057932220368809129999743870593368222681e-81 1.163237668e-1854
246 + 1.167090471844820169507662233597926492492e-81 1.781364527e-1850
247 + 6.207493089401499468827157144109787484423e-81 7.176682162e-1845
248 + 1.723185569734145039839610244929138036294e-79 1.662355698e-1838
249 + 1.135134636451626626569950924343313066591e-78 9.821013400e-1833
250 + 1.176925026870048359217082935589334126152e-79 1.072117713e-1828
251 + 7.962226016758141252819771541940766798240e-77 6.460075835e-1821
252 + 2.387683919345007914799051431555168555464e-79 1.765032288e-1818
253 + 2.970842972551506976069661210808363092752e-78 2.094003284e-1812
254 + 2.601247629835168168039990039886671781993e-79 1.468404330e-1808
255 + 3.228175355204125107395552826267310220257e-78 1.371628990e-1802
256 + 4.341174164514444788656986533390700611524e-77 1.301273897e-1796
257 + 4.047879663406817115668169116952625957808e-77 9.635220797e-1792
258 + 2.706321142283903254317535390918749859350e-76 5.597832503e-1786
259 + 1.138538641135966583899588522935395403345e-77 2.036151256e-1782
260 + 2.390968772171157837203192647220955914417e-77 3.780451841e-1777
261 + 8.598115155862045313780521426697179671200e-76 1.095911860e-1770
262 + 7.305049584543005223406673108679588719411e-75 9.600175544e-1765
263 + 2.871938377524155045141628522948153083647e-76 3.653276641e-1761
264 + 4.582944484496693774480503733632412490838e-74 5.568346134e-1754
265 + 3.845344074775189161295783523611244276588e-74 5.285598503e-1749
266 + 2.492315481461819605453552685917517687280e-76 3.846131561e-1746
267 + 5.487355730152098115960585318043049066879e-76 5.991436751e-1741
268 + 2.709123027513852426658395069838954186717e-74 1.948879188e-1734
269 + 4.472432568478022768571266680605644537776e-74 2.380809287e-1729
270 + 2.951274161593294464363973813560110714834e-73 1.264648091e-1723
271 + 2.026670905270507309646806459078163356955e-74 7.304329584e-1720
272 + 5.073304784382200689945799823103834325747e-74 1.420126155e-1714
273 + 8.669624255939467002801872371473001958076e-74 1.496311913e-1709
274 + 8.884643547516307705835591353419606332585e-73 8.947489592e-1704
275 + 4.984263397797858162251405500514345218715e-73 3.604874222e-1699
276 + 8.541050821489184857853731361657432113988e-70 4.394519346e-1691
277 + 1.780864647988086925861727623432281823422e-71 7.512339038e-1688
278 + 9.321689415646957221019513072731182227034e-72 3.204469034e-1683
279 + 5.472289358020035345770638468634816609938e-72 1.284193003e-1678
280 + 1.963617968804083683900763546356477850683e-72 3.418656455e-1674
281 + 5.448712436373475657353067186879280834059e-71 7.706958851e-1668
282 + 3.967333659919775095549046024995839966185e-66 5.203268912e-1658
283 + 5.818035619964749754209864107329777564135e-71 7.219636492e-1658
284 + 5.653248172821575203418205185956489329227e-70 6.336296134e-1652
285 + 7.373871998008180684133710797953433691744e-70 7.912005117e-1647
286 + 8.619394953888920891416065795565233069746e-71 6.239557373e-1643
287 + 1.420978868791703704428314633950456793342e-68 5.957289733e-1636
288 + 3.592038353475209797051146502292793296053e-70 1.228657926e-1632
289 + 2.771778517199635229718752846312012333149e-67 7.113531463e-1625
290 + 1.794520951866256998235881005175142241448e-67 2.818721531e-1620
291 + 3.927330494620979577383981090598714491820e-67 4.641640959e-1615
292 + 2.137586641497449724107486529925379882614e-69 1.640702167e-1612
293 + 8.728170646844416184030123327263055017781e-69 4.796243510e-1607
294 + 3.148297314808412306508048584526626776100e-68 1.129588198e-1601
295 + 3.241676872254775583746377330698907363136e-65 7.139173706e-1594
296 + 5.852482366592450304089520374977148643741e-66 1.133283160e-1589
297 + 1.112005658939676961253913710104184340227e-67 1.839786813e-1586
298 + 3.802348988982930449627534754217503202628e-66 5.157753275e-1580
299 + 9.784638926064844507154596416736042561143e-67 1.051928851e-1575
300 + 5.555424237584842569477079762056079437450e-68 5.574839513e-1572
301 + 1.932675054120090860942774625053584164022e-66 1.296709342e-1565
302 + 5.055637711753973999144023681265898018228e-66 2.163600758e-1560
303 + 1.927174175900277921588463936283336824274e-65 4.162948787e-1555
304 + 1.013156276341288958651681529813008891580e-65 1.113023326e-1550
305 + 1.305888288510823764242399221655508031880e-64 9.435221712e-1545
306 + 4.632489222494915041183027619397636181493e-66 2.086567064e-1541
307 + 7.203675146736039957182105704972100109640e-62 2.403131091e-1532
308 + 5.788143817323059374957687073604664242225e-63 1.263947518e-1528
309 + 5.873967492287533270277848780259249682433e-65 8.460077630e-1526
310 + 3.959773786205484855711264355362993206249e-61 3.083320380e-1517
311 + 1.101994933825204291265171815650942790161e-63 5.882928582e-1515
312 + 3.633306515590064260062139289402728441769e-63 1.066527473e-1509
313 + 1.506552567131962488248756311171704464567e-64 3.651874573e-1506
314 + 1.167481812988258375084088534105360629431e-63 1.752140729e-1500
315 + 1.081235421386060262711391898754490739782e-62 9.605430262e-1495
316 + 4.271922322095078195449110667649817137627e-62 2.206841328e-1489
317 + 8.559104130328668913887100545284312323645e-63 2.980717637e-1485
318 + 1.064714379287589850140635563487661383308e-61 2.465407054e-1479
319 + 2.071584121191533525069475689086913927047e-62 3.047650880e-1475
320 + 1.879901282248339929332507408918626230201e-62 1.730903660e-1470
321 + 7.329218458320252299225613060476754466213e-62 4.812554691e-1465
322 + 1.445979601270447943525822845562467037897e-61 7.091266060e-1460
323 + 3.832120954000867900576881457724284165849e-61 9.282315388e-1455
324 + 6.633030425823801672778526544616635773167e-59 8.647980434e-1448
325 + 3.152729711175272399979863673303481492230e-61 2.990477043e-1445
326 + 5.273396470685473579992583904326578723360e-62 3.960407217e-1441
327 + 1.257432681240173636858181465703375137760e-59 5.097443147e-1434
328 + 8.157232827717496680039844859113983327557e-59 1.894689400e-1428
329 + 7.817017650848325063990697120117133744421e-60 1.308504698e-1424
330 + 4.458721032885170441000511812772263797579e-60 3.972933656e-1420
331 + 2.741309072872210426351064247936110534715e-59 1.419543370e-1414
332 + 8.615284415840270086438970964335085131607e-59 2.474451005e-1409
333 + 6.798485852658078328203970360546802807568e-60 1.151723331e-1405
334 + 1.599794374750408575392934254869554153078e-59 1.326134145e-1400
335 + 6.275108297024368653469041140305516131564e-59 2.886736518e-1395
336 + 9.757603813599600636562398509251170225962e-56 3.128427051e-1387
337 + 5.823371284198175047860944864434411289172e-58 1.476094413e-1384
338 + 5.585497374572754915719234968824724469580e-59 8.420395393e-1381
339 + 4.516789164636291995081628184667656577302e-58 4.318791198e-1375
340 + 8.786662903276780376749109599147685028581e-59 4.203218649e-1371
341 + 5.072182353250097457108599879818022343484e-57 1.084136644e-1364
342 + 1.816091673322328002003220206560008767311e-57 1.451396987e-1360
343 + 4.237962780990091861938397381839015715493e-56 1.648414707e-1354
344 + 1.679400080928873220312404781280302428368e-56 4.308488542e-1350
345 + 6.169149687801105248493503061577125107972e-56 1.178138702e-1344
346 + 6.351282464913654484235020948770508097950e-58 8.080954152e-1342
347 + 2.796388173761536676886666546391347923770e-57 1.773804213e-1336
348 + 6.371153667032205666022826950381132109760e-56 1.842691641e-1330
349 + 6.101024333806361722564781803770577501379e-56 8.765682542e-1326
350 + 3.240079253035463474828662396551721705592e-55 1.922964852e-1320
351 + 6.361006268714708142731310722331138826556e-56 1.801233624e-1316
352 + 7.807711663886835664954204573505320921186e-56 1.288346366e-1311
353 + 1.113772496683987126508103217006162395929e-55 1.211281002e-1306
354 + 1.927652260264616631784360981004468346933e-55 1.091927731e-1301
355 + 3.085226644372943376341827473117313166983e-54 6.517760936e-1296
356 + 2.450156841318624719545851463290895836858e-54 2.528976468e-1291
357 + 1.525598450124316742319220554519216893418e-53 6.235279757e-1286
358 + 3.740159324316945906105876960342714376563e-54 6.702643487e-1282
359 + 1.005833266848307965468113466124931506513e-54 8.179396911e-1278
360 + 1.745691298503177518868964291403078579695e-54 6.601088882e-1273
361 + 1.844141171668754561048845552626664223575e-53 3.755070195e-1267
362 + 9.600286789257074318776521237524230350851e-52 7.033350562e-1261
363 + 2.039310755083246830913263131049702925912e-53 7.413327821e-1258
364 + 2.413236502913191220992116455578368166627e-52 5.696820549e-1252
365 + 1.215822378545097344954933360009862999250e-51 1.174658030e-1246
366 + 3.102294377069422418897119878958244965799e-53 1.183985606e-1243
367 + 9.878597804811005551549443071982698628988e-53 3.368914509e-1238
368 + 1.700268933355865448956572792196739112210e-51 4.071056290e-1232
369 + 2.626669441718591611504392544432924200026e-52 3.541507872e-1228
370 + 2.057868449689622979470294076737737305493e-49 1.171363152e-1220
371 + 8.171731527633948921730814159288981974673e-52 1.917615415e-1218
372 + 9.005707219264982860580485351613368332547e-53 8.881566590e-1215
373 + 6.012169913974259750602796234280265253506e-52 2.409298054e-1209
374 + 5.306078634185596414947726802671111856912e-51 1.098188385e-1203
375 + 2.146159779807724775850182278703721036129e-51 2.083439918e-1199
376 + 5.972849215700356150481148065229962338480e-51 2.707242591e-1194
377 + 1.640330139858910973016605625602100500596e-50 1.788732778e-1189
378 + 3.293943215126142296347321395508244011824e-48 1.542102442e-1182
379 + 1.029278813233446831399537375710047729898e-49 2.338847455e-1179
380 + 2.097596622822828699454967653144078946557e-51 2.036482523e-1176
381 + 4.535671478143761804441159334985726211118e-49 1.251847574e-1169
382 + 1.528993189565469538532769370543243055058e-48 1.880436744e-1164
383 + 6.381020841732928263168407144554007237753e-48 3.104837408e-1159
384 + 4.468584314252842651421554633473938690825e-47 1.077803226e-1153
385 + 9.128022777248650029071496857485412393656e-50 9.422962397e-1152
386 + 1.426966813878955381973245973851936958396e-49 4.442768501e-1147
387 + 7.980842866344604031123479279565602168006e-48 7.685647799e-1141
388 + 3.333705412368476885645101761606622003459e-47 1.187461268e-1135
389 + 1.173798544844674830002615560938723650307e-48 2.291626136e-1132
390 + 1.381145363716867142684902661967070721708e-47 9.487147744e-1127
391 + 1.136213007879488656668697883007543812187e-46 2.219277221e-1121
392 + 9.747207402263175983219563783841549999414e-49 9.322568698e-1119
393 + 1.243164476389564726787348815464033018308e-47 5.383390732e-1113
394 + 6.723993988602997829590866001662039873371e-48 1.166760613e-1108
395 + 2.050743326926249245852949218501529895856e-46 1.077868234e-1102
396 + 1.105421025390431728228678037567328535259e-46 3.268674658e-1098
397 + 2.010657013950741859566086608535336226747e-47 2.453308832e-1094
398 + 4.282265556773793771908742540926916728315e-46 1.664920798e-1088
399 + 5.151233494851799925540963744041249121477e-44 7.785349679e-1082
400 + 7.508475238430489649733572659976706711265e-47 3.667998736e-1080
